0.0 0.0
0.8710178264418365 1.0
0.8712703310477243 2.0
0.9598771963961755 3.0
0.9844245959394122 4.0
0.0 0.0
0.942000117543269 1.0
0.9317468510167717 2.0
0.9811460264445997 3.0
0.9904255352089516 4.0
0.0 0.0
0.5876487179063354 1.0
0.9344476186566903 2.0
0.9817949671472496 3.0
0.992821080019954 4.0
0.9958525975347661 5.0
0.9959097503107306 6.0
0.9956200003599639 7.0
0.9947535511100012 8.0
0.9919808083302356 9.0
0.9863647808326773 10.0
0.9724911631663092 11.0
0.954539887948992 12.0
0.9595510384471466 13.0
0.8980828094765335 14.0
0.9176302893190476 15.0
0.8295645419596099 16.0
0.794067866037413 17.0
0.9255192137139834 18.0
0.9709920804871943 19.0
0.9914635073242057 20.0
0.978727532801121 21.0
0.9890552649338643 22.0
0.997097410590881 23.0
0.9945889683388075 24.0
0.9935526382974563 25.0
0.9920280334420942 26.0
0.9919537054963578 27.0
0.9918838685917719 28.0
0.991636242456834 29.0
0.9953746356535478 30.0
0.7594854843764437 31.0
0.8486231487151954 32.0
0.908317346530751 33.0
0.9476003624717987 34.0
0.9683581854127843 35.0
0.9839182447414445 36.0
0.992694990605278 37.0
0.9930360835745198 38.0
0.9981566060796582 39.0
0.9982270363277223 40.0
0.9987976901873251 41.0
0.9988297703160504 42.0
0.9983902964110738 43.0
0.9979267993573065 44.0
0.9970114553614854 45.0
0.8038657349372398 46.0
0.7428334882444695 47.0
0.906477572576257 48.0
0.9587757836255739 49.0
0.9861957959631868 50.0
0.9909407177617832 51.0
0.990803047898819 52.0
0.9941329199164259 53.0
0.9947340611337435 54.0
0.9953984512788294 55.0
0.9983703365708185 56.0
0.9972389616812953 57.0
0.9943727491171772 58.0
0.9894420129984672 59.0
0.9938390930848389 60.0
0.7580327976533177 61.0
0.8168437586492481 62.0
0.9095945732493327 63.0
0.9466135157143967 64.0
0.9919091220865549 65.0
0.989633875691625 66.0
0.9896878882785227 67.0
0.9975111379109534 68.0
0.9983888937704363 69.0
0.9982900875875595 70.0
0.999823390973925 71.0
0.9997326076370029 72.0
0.9996255805841684 73.0
0.9990743169711703 74.0
0.9972897565410387 75.0
0.748147495137919 76.0
0.8658076297673093 77.0
0.9013744593426242 78.0
0.9768497532624552 79.0
0.9700602765687507 80.0
0.9848532367230582 81.0
0.993428371847042 82.0
0.9935680842227315 83.0
0.9885077169598984 84.0
0.9909440377478851 85.0
0.9959190161152355 86.0
0.9959772582149939 87.0
0.9962015527024166 88.0
0.9961967814707088 89.0
0.9947793788475057 90.0
0.6170941969347252 91.0
0.7701506780463394 92.0
0.9421553249903432 93.0
0.9476213875121497 94.0
0.9768286862553901 95.0
0.989871294883426 96.0
0.9972845761330679 97.0
0.9948985707915098 98.0
0.9949258612711502 99.0
0.9993657039995824 100.0
0.9984528620791985 101.0
0.9994488300729828 102.0
0.9986090803574916 103.0
0.9999095695216434 104.0
0.99939349250634 105.0
0.5265442780747713 106.0
0.7664000197057501 107.0
0.9048953874450301 108.0
0.9424218241594556 109.0
0.9875514218675487 110.0
0.9919359970136382 111.0
0.9918429593612106 112.0
0.9925758182727523 113.0
0.9962221471460322 114.0
0.998899466935748 115.0
0.9988534791777212 116.0
0.9985319383987533 117.0
0.9951569676659427 118.0
0.9844857952303114 119.0
0.9779413628895983 120.0
0.6894882176450067 121.0
0.7762689054790961 122.0
0.9144733072095337 123.0
0.9458663165481729 124.0
0.9690410288769934 125.0
0.9862211527541521 126.0
0.9937119441251165 127.0
0.9985366590661732 128.0
0.9982726696707582 129.0
0.9993274938303838 130.0
0.9990726443133846 131.0
0.9991068044620669 132.0
0.9990727403559827 133.0
0.9987997661878365 134.0
0.9983195042442495 135.0
0.8199712285410132 136.0
0.7908443088434226 137.0
0.9088581740947278 138.0
0.9714554870754147 139.0
0.9851162166160804 140.0
0.989205511886166 141.0
0.9907923712781432 142.0
0.9947784645826767 143.0
0.9958341711546566 144.0
0.9935247033138442 145.0
0.994558244240263 146.0
0.995829034910002 147.0
0.9943913230361545 148.0
