0.0 0.0
7.4083927328348755 1.0
4.906283821206277 2.0
4.704848567110619 3.0
4.673994946205445 4.0
0.0 0.0
6.486424805201319 1.0
4.823587147211198 2.0
4.681763155194747 3.0
4.670018961894144 4.0
0.0 0.0
6.787547690425938 1.0
4.764833541423749 2.0
4.6797902763456625 3.0
4.664971001537315 4.0
4.658255311592133 5.0
4.653152724983343 6.0
4.642915204190991 7.0
4.623397606583144 8.0
4.596884160565699 9.0
4.563850501354892 10.0
4.535939747614738 11.0
4.607893781905748 12.0
4.659004089652897 13.0
4.412825166057812 14.0
4.406618053181163 15.0
3.6643884421336046 16.0
3.1560098685304485 17.0
3.559660662851781 18.0
3.9421098217627892 19.0
4.3787133701760235 20.0
3.9063712767204475 21.0
3.8438129246342374 22.0
3.954321594161835 23.0
4.001464583066223 24.0
4.005573680170108 25.0
4.000429241028403 26.0
4.047352009740008 27.0
4.128431909642293 28.0
4.012683930548661 29.0
4.000419479236488 30.0
2.9978574769057964 31.0
3.3508980684126737 32.0
3.71281248517148 33.0
3.7945329327604593 34.0
3.861010790956857 35.0
4.013258211807099 36.0
3.89586335806706 37.0
3.995512867208552 38.0
3.9061240764511345 39.0
3.939510336739737 40.0
3.9719864998762833 41.0
3.9867584946521797 42.0
3.997208851799368 43.0
4.002109708302715 44.0
4.01122450794456 45.0
3.6615085733453503 46.0
3.083719538967916 47.0
3.4089059208134045 48.0
3.903535107448237 49.0
4.132638145858354 50.0
4.123776110895534 51.0
3.9174581505776973 52.0
3.9747143375143605 53.0
3.9169853127373653 54.0
3.9550234785812393 55.0
3.95829023903974 56.0
3.947800558012173 57.0
3.9766836301986217 58.0
4.018073361053287 59.0
4.0581520578628 60.0
2.952767402830931 61.0
3.1143557326919917 62.0
3.6536429102586387 63.0
3.9517690764510474 64.0
4.014051247757383 65.0
4.12868663458293 66.0
3.87230646260027 67.0
3.834659933660651 68.0
3.9347106806586263 69.0
3.9994590973499595 70.0
3.9874653774214774 71.0
3.991557708711972 72.0
3.9946586234653996 73.0
4.005186166921182 74.0
3.990795430611767 75.0
3.317102136480102 76.0
3.4419240566500076 77.0
3.4570478562802003 78.0
3.802195673087125 79.0
3.9211527871210388 80.0
4.072042490580651 81.0
3.9851298395253645 82.0
4.048859150438342 83.0
4.002835384018176 84.0
3.9460354039164667 85.0
3.9123365723761023 86.0
3.932519599238147 87.0
3.9880567372323585 88.0
4.025358640387719 89.0
4.0622743090992985 90.0
3.2406515945790826 91.0
3.1045357665268245 92.0
3.5701954977510124 93.0
3.8931783252668684 94.0
3.7476202887310786 95.0
4.02029245115994 96.0
4.067911284239528 97.0
4.166010493179391 98.0
3.9623685547740632 99.0
3.9823010790662923 100.0
3.948296873824258 101.0
3.99370641090288 102.0
3.970580641292366 103.0
3.9884806579984633 104.0
3.9768950396805502 105.0
3.371383164939937 106.0
3.1089174629338387 107.0
3.596484346842265 108.0
3.863899168998606 109.0
4.004954330016963 110.0
4.161740428256036 111.0
4.0119649857970705 112.0
3.8529515936453373 113.0
3.9146766460564857 114.0
3.9669832299068783 115.0
3.970194603957708 116.0
3.997253925770617 117.0
4.011207399425103 118.0
4.039877385255601 119.0
4.0352512549359805 120.0
3.2819769294383074 121.0
3.239624420529236 122.0
3.808169949228562 123.0
4.0182095858330955 124.0
3.8913697878304805 125.0
3.844193810517808 126.0
3.910903967403712 127.0
3.9002275073387125 128.0
3.945092275143587 129.0
3.971429776935464 130.0
3.985942248291531 131.0
3.9936833875858206 132.0
3.9902414549460667 133.0
3.993646184646229 134.0
3.9711880665452943 135.0
3.5037933728085084 136.0
3.1316343672226536 137.0
3.507508429129637 138.0
3.814402507719139 139.0
4.145048029152102 140.0
4.090344793168818 141.0
3.9506723135545676 142.0
3.9824602461093175 143.0
3.9717955890705525 144.0
3.9677073528358857 145.0
3.975039094853522 146.0
3.9504165301254393 147.0
3.936819790294709 148.0
