0.0 0.0
2.6645176132413924 1.0
4.527784682648635 2.0
6.149255565278106 3.0
6.949145540931069 4.0
0.0 0.0
4.95468540518668 1.0
6.6795304686797605 2.0
7.501056505018097 3.0
7.908003293559274 4.0
0.0 0.0
6.194735113676152 1.0
7.456747125985918 2.0
8.332909565570633 3.0
8.829026716768517 4.0
9.079378172960823 5.0
9.141958005431263 6.0
9.108695755508329 7.0
8.998036251348346 8.0
8.810768066605958 9.0
8.515274679171831 10.0
8.151964090656328 11.0
8.022301681159568 12.0
8.018150189876453 13.0
7.860699816591473 14.0
6.838205978288095 15.0
6.552371959126044 16.0
5.956258747538031 17.0
6.256654654658613 18.0
6.50702841319394 19.0
6.979475946515219 20.0
7.3857809992295245 21.0
7.210363693926335 22.0
7.070846601102887 23.0
7.0290427274120875 24.0
7.039360608849464 25.0
7.114122996096122 26.0
7.28590855976828 27.0
7.599733892269764 28.0
7.6876305274821375 29.0
7.691180074998537 30.0
7.143025748537489 31.0
6.652767562005129 32.0
6.532423051940365 33.0
6.658685188281524 34.0
6.995414297757826 35.0
7.45255657020957 36.0
7.5522569171655185 37.0
7.439780677331719 38.0
7.304927730955119 39.0
7.2181115028297 40.0
7.1514409854561825 41.0
7.102688617072442 42.0
7.052417222054945 43.0
7.024682164813476 44.0
6.994636184373704 45.0
6.742840297898717 46.0
6.614473027595557 47.0
6.104571955425866 48.0
6.507798792042296 49.0
6.818102199742798 50.0
7.088885783334457 51.0
7.274416216258975 52.0
7.317155304983651 53.0
7.261404467493621 54.0
7.250464326587044 55.0
7.147357036094478 56.0
7.067161666697148 57.0
7.071271018422633 58.0
7.229827768649185 59.0
7.3542128247981395 60.0
6.749622474132886 61.0
5.950716180397385 62.0
6.103115791160089 63.0
6.549376972764126 64.0
6.921587548503667 65.0
7.40516159558826 66.0
7.423138307700878 67.0
7.24429351509035 68.0
7.141986006684363 69.0
7.089560423607016 70.0
6.998003227860952 71.0
6.967680145605903 72.0
6.960257312139692 73.0
6.974633497969336 74.0
7.00326896160141 75.0
6.305770258432865 76.0
6.322842541400947 77.0
6.70018518841327 78.0
6.555718852129491 79.0
6.3709946542493014 80.0
6.37020277364692 81.0
6.467458907679837 82.0
6.65116699686251 83.0
6.927096457093799 84.0
7.09619778664488 85.0
7.061262965789131 86.0
7.0818762849948165 87.0
7.158067139260404 88.0
7.1523661487266015 89.0
7.158656869312616 90.0
6.898192909659718 91.0
6.418699416482799 92.0
6.3038428838835285 93.0
6.715672341732517 94.0
6.722427138208613 95.0
6.757683977796672 96.0
7.157927943879702 97.0
7.344552960972763 98.0
7.383863380690623 99.0
7.458124169965842 100.0
7.648983412311951 101.0
7.729423486303164 102.0
7.692180572030038 103.0
7.6911137958251965 104.0
7.712447548876928 105.0
7.062048671691107 106.0
6.269203583730911 107.0
6.210701965112545 108.0
6.7154826234001215 109.0
6.936939061939032 110.0
7.143557420064244 111.0
7.200413861505429 112.0
7.232608403024636 113.0
7.051985178732359 114.0
6.925252103040931 115.0
6.922885467250855 116.0
6.922802635350003 117.0
6.891459626925806 118.0
6.8992700425236775 119.0
7.124163781004337 120.0
6.663515684447223 121.0
6.325802628012955 122.0
6.753395255829173 123.0
7.162711939331136 124.0
7.473017949455122 125.0
7.623183551830896 126.0
7.440024194140234 127.0
7.3135504711077095 128.0
7.2194221759390835 129.0
7.1544586527222895 130.0
7.0884973686717245 131.0
7.030708557821026 132.0
6.992821226750193 133.0
6.969859223043427 134.0
6.957935073304015 135.0
6.459915615727686 136.0
6.617735948852073 137.0
6.399436367890402 138.0
6.220752076121864 139.0
6.405183875127863 140.0
6.697372823297824 141.0
7.005072314285839 142.0
7.180948546524721 143.0
7.275495924852011 144.0
7.269679243586718 145.0
7.289382062274173 146.0
7.272036704400867 147.0
7.243478257009928 148.0
